85 73
28 67
94 14
18 96
33 46
80 84
64 51
2 71
5 32
76 41
91 65
64 30
94 8
13 77
33 47
79 70
72 60
89 66
26 7
62 59
53 94
96 17
98 98
40 3
31 69
96 74
86 60
4 33
20 70
10 53
69 42
75 41
54 65
7 80
72 69
91 78
63 87
47 61
38 40
16 69
9 64
95 95
76 51
28 96
21 91
1 90
33 77
31 39
94 38
71 18
59 62
96 75
2 44
88 40
84 5
61 45
69 8
40 98
59 21
94 81
64 96
71 49
25 55
88 19
93 59
37 5
73 86
80 27
30 68
19 66
25 32
11 47
40 3
45 0
76 39
81 40
87 4
89 12
59 29
83 53
40 73
10 66
59 90
93 89
58 65
7 36
97 70
83 38
25 28
90 2
19 71
94 7
27 36
71 87
65 7
92 58
80 2
24 39
92 69
80 2
34 87
38 84
9 73
74 34
1 64
36 73
87 83
80 14
19 3
1 84
10 93
94 90
47 18
29 91
88 9
94 74
48 84
58 57
10 84
92 11
48 80
36 35
63 68
2 82
72 3
19 82
49 13
25 48
2184 19406
3940 26724
30316 2586
23698 2016
23522 14209
4926 16432
6345 3918
28096 12494
24750 30232
26981 31366
24301 15483
5848 10173
23939 9019
19607 6740
5785 12384
26040 7969
31791 29980
7045 2459
566 3095
4475 28441
17304 13753
12873 28002
17671 8969
8496 14774
7202 7829
14140 31503
27665 24340
14028 23956
1360 5987
3048 11497
18372 29088
23818 22515
27069 30863
24974 31987
1958 1801
28428 23615
15555 13654
19617 5578
22623 465
24704 29825
12646 6844
1680 8311
31185 20060
4619 4897
26048 7667
20746 16772
4756 12564
7287 4177
11427 261
8516 17737
6414 9297
9352 26321
22951 28969
31900 13574
1786 28956
15752 14433
3801 21784
27096 7338
9845 31716
16587 3893
7383 5333
20665 16491
17897 27952
25020 1676
565 1537
19413 11331
15186 28766
5653 6137
30087 9905
24063 4226
6861 7815
18659 15014
29600 13755
22352 11797
17823 6939
15690 25207
16624 8707
14050 2521
9011 7071
8549 13928
12960 27963
25259 28146
29081 3264
6635 27168
13169 30698
31394 24383
10866 22405
7397 12818
8513 2102
24615 26336
9041 12657
23895 30018
25716 5946
4891 2727
17369 13441
21007 30329
9404 14266
30827 6485
21883 5462
6005 3052
8512 9752
31787 19378
4509 7185
4548 13022
9287 29163
11711 22680
14172 3606
20698 7888
13904 29942
14967 31273
11383 3974
1954 20787
22593 781
31624 12476
10595 5629
19880 19108
19733 19668
10838 24243
31205 15387
5265 8492
16902 21328
3524 31075
24935 28575
11315 6839
26517 26283
10465 5900
30257 16771
31039 25202
0 0
